2
50
0 Abel Marques
1 Adalberto Kury
2 Alexandre Henrique
3 Ana Luisa
4 Artur Borim
5 Artur Valladares
6 Augusto Esteves
7 Eduardo Veit
8 Elizabeth Kury
9 Fabio Aparecido
10 Gabriel Batista
11 Gabriel Kury
12 Gabriel Marques
13 Gabriel Ramires
14 Gabriel Vicentin
15 Guilherme Oliveira
16 Guilherme Kury
17 Gustavo Lima
18 Henrique Lee
19 Isabela Ocanha
20 Julia Ronquetti
21 Larissa Rafaela
22 Laura Carolina
23 Leonardo Borim
24 Leonardo Pinheiro
25 Livia Negrucci
26 Lucas Damasceno
27 Lucas Iudi
28 Lucas Teixeira
29 Luiz Octavio
30 Maisa Folgueral
31 Mateus Farias
32 Mateus Yoon
33 Rafael Toledo
34 Samy Idesis
35 Tito Guidote
36 Victor Hugo
37 Victor Merlini
38 Yiou Wu
39 Lorenzo Percussi
40 Lilian Regina
41 Rosilene Borim
42 Jose Carlos
43 Tomas Carrasco 
44 Rebecca Almeida
45 Eliane Pereira
46 Lucas Giovanni
47 Gulherme Santos
48 Matheus Fernandes 
49 Bruno Elie
732
0 12 98
0 40 60
0 45 99
1 11 98
1 8  99
1 16 80
2 3  20
2 5  20
2 6  20
2 7  20
2 9  15
2 11 20
2 12 20
2 13 20
2 14 20              
2 15 20              
2 17 20              
2 18 15
2 19 20
2 20 20
2 21 20
2 22 20
2 23 20
2 24 20
2 25 20
2 26 20
2 27 20
2 28 20
2 29 20
2 30 20
2 31 20
2 32 20
2 33 15
2 34 20
2 35 20
2 36 20
2 37 20
2 39 20
2 38 20
2 46 90
2 47 90
2 48 20
2 49 90
3 5 20
3 6 20
3 7 20
3 9 15
3 11 20
3 12 20
3 13 90
3 14 20
3 15 20
3 17 20
3 18 15
3 19 20
3 20 20
3 21 20
3 22 20
3 23 20
3 24 20
3 25 20
3 26 20
3 27 20
3 28 90
3 29 20
3 30 20
3 31 20
3 32 20
3 33 15
3 34 20
3 35 20
3 36 90
3 37 20
3 38 20
3 39 20
3 46 20
3 47 20
3 48 90
3 49 20
4 23 99   
4 42 99    
4 41 99
5 6 90
5 7 20
5 9 15
5 10 15
5 11 90
5 12 90
5 13 20
5 14 20
5 15 20
5 17 20
5 18 85
5 19 20
5 20 20
5 21 20
5 22 20
5 23 90
5 24 20
5 25 20
5 26 20
5 27 20
5 28 20
5 29 20
5 30 20
5 31 20
5 32 90
5 33 15
5 34 90
5 35 90
5 36 30
5 37 20
5 38 20
5 39 90
5 43 5
5 44 10
5 46 15
5 47 20
5 48 20
5 49 20
6 7 20
6 9 15
6 11 90
6 12 90
6 13 20
6 14 20
6 15 20
6 17 20
6 18 85
6 19 20
6 20 20
6 21 20
6 22 20
6 23 90
6 24 20
6 25 20
6 26 20
6 27 20
6 28 20
6 29 20
6 30 20
6 31 20
6 32 90
6 33 15
6 34 90
6 35 90
6 36 30
6 37 20
6 38 20
6 39 90
6 44 2
6 46 15
6 47 20
6 48 20
6 49 20
7 9 15
7 11 20
7 12 20
7 13 20
7 14 20
7 15 20
7 17 20
7 18 20
7 19 20
7 20 20
7 21 20
7 22 20
7 23 20
7 24 90
7 25 20
7 26 90
7 27 20
7 28 90
7 29 20
7 30 20
7 31 20
7 32 20
7 33 20
7 34 20
7 35 20
7 36 20
7 37 20
7 38 20
7 39 20
7 46 15
7 47 20
7 48 20
7 49 20
8 11 99
8 16 85
9 11 15
9 12 15
9 13 15
9 14 15
9 15 15
9 17 15
9 18 15
9 19 15
9 20 15
9 21 15
9 22 15
9 23 15
9 24 15
9 25 15
9 26 15
9 27 15
9 28 15
9 29 15
9 30 15
9 31 15
9 32 15
9 33 15
9 34 15
9 35 15
9 36 15
9 37 15
9 38 15
9 39 15
9 46 15
9 47 15
9 48 15
9 49 15
10 12 55
10 44 5
11 12 90
11 13 20
11 14 20
11 15 20
11 16 80
11 17 35
11 18 85
11 19 20
11 20 20
11 21 20
11 22 25
11 23 90
11 24 20
11 25 20
11 26 20
11 27 20
11 28 20
11 29 20
11 30 20
11 31 20
11 32 90
11 33 15
11 34 90
11 35 90
11 36 30
11 37 20
11 38 20
11 39 69
11 46 20
11 43 5
11 47 20
11 48 20
11 49 20
12 13 20
12 14 20
12 15 20
12 16 80
12 17 35
12 18 85
12 19 20
12 20 20
12 21 20
12 22 25
12 23 90
12 24 20
12 25 20
12 26 20
12 27 20
12 28 80
12 29 20
12 30 20
12 31 20
12 32 90
12 33 15
12 34 90
12 35 90
12 36 50
12 37 20
12 38 20
12 39 90
12 46 20
12 40 15
12 43 5
12 45 99
12 44 99
12 47 20
12 48 20
12 49 20
13 14 20
13 15 20
13 17 20
13 18 15
13 19 20
13 20 20
13 21 20
13 22 20
13 23 20
13 24 20
13 25 20
13 26 20
13 27 20
13 28 90
13 29 20
13 30 20
13 31 20
13 32 20
13 33 15
13 34 20
13 35 20
13 36 90
13 37 20
13 38 20
13 39 20
13 46 20
13 47 20
13 48 90
13 49 20
14 15 90
14 17 20
14 18 20
14 19 20
14 20 20
14 21 20
14 22 90
14 23 20
14 24 20
14 25 20
14 26 20
14 27 20
14 28 20
14 29 20
14 30 20
14 31 20
14 32 20
14 33 15
14 34 20
14 35 20
14 36 20
14 37 20
14 38 20
14 39 20
14 46 20
14 47 20
14 48 20
14 49 20
15 17 20
15 18 20
15 19 20
15 20 20
15 21 20
15 22 90
15 23 20
15 24 20
15 25 20
15 26 20
15 27 20
15 28 20
15 29 20
15 30 20
15 31 20
15 32 20
15 33 15
15 34 20
15 35 20
15 36 20
15 37 20
15 38 20
15 39 20
15 46 20
15 47 20
15 48 20
15 49 20
17 18 20
17 19 20
17 20 20
17 21 20
17 22 20
17 23 20
17 24 20
17 25 20
17 26 20
17 27 20
17 28 20
17 29 20
17 30 20
17 31 20
17 32 20
17 33 15
17 34 20
17 35 20
17 36 20
17 37 20
17 38 20
17 39 20
17 46 20
17 47 20
17 48 20
17 49 20
18 19 20
18 20 20
18 21 20
18 22 20
18 23 20
18 24 20
18 25 20
18 26 20
18 27 20
18 28 20
18 29 20
18 30 20
18 31 20
18 32 20
18 33 15
18 34 85
18 35 85
18 36 20
18 37 20
18 38 20
18 39 85
18 46 20
18 47 20
18 48 20
18 49 20
19 20 20
19 21 20
19 22 20
19 23 20
19 24 20
19 25 20
19 26 20
19 27 20
19 28 20
19 29 20
19 30 20
19 31 20
19 32 20
19 33 15
19 34 20
19 35 20
19 36 20
19 37 90
19 38 20
19 39 20
19 46 20
19 47 20
19 48 20
19 49 20
20 21 40
20 22 20
20 23 20
20 24 90
20 25 90
20 26 90
20 27 20
20 28 20
20 29 29
20 30 20
20 31 20
20 32 20
20 33 15
20 34 20
20 35 20
20 36 20
20 37 90
20 38 20
20 39 20
20 46 20
20 47 20
20 48 20
20 49 20
21 22 20
21 23 20
21 24 20
21 25 20
21 26 20
21 27 20
21 28 20
21 29 20
21 30 20
21 31 20
21 32 20
21 33 15
21 34 20
21 35 20
21 36 20
21 37 20
21 38 20
21 39 20
21 46 20
21 47 20
21 48 20
21 49 20
22 23 20
22 24 20
22 25 20
22 26 20
22 27 20
22 28 20
22 29 20
22 30 20
22 31 20
22 32 20
22 33 15
22 34 20
22 35 20
22 36 20
22 37 20
22 38 20
22 39 20
22 46 20
22 47 20
22 48 20
22 49 20
23 24 20
23 25 20
23 26 20
23 27 20
23 28 20
23 29 20
23 30 20
23 31 20
23 32 90
23 33 15
23 34 90
23 35 90
23 36 20
23 37 20
23 38 20
23 39 90
23 41 99
23 42 99
23 46 20
23 47 20
23 48 20
23 49 20
24 25 20
24 26 90
24 27 90
24 28 90
24 29 20
24 30 20
24 31 20
24 32 20
24 33 15
24 34 90
24 35 90
24 36 20
24 37 20
24 38 20
24 39 90
24 46 20
24 47 20
24 48 20
24 49 20
25 26 20
25 27 20
25 28 20
25 29 20
25 30 20
25 31 20
25 32 20
25 33 15
25 34 20
25 35 20
25 36 20
25 37 20
25 38 20
25 39 20
25 46 20
25 47 20
25 48 20
25 49 20
26 27 90
26 28 20
26 29 90
26 30 20
26 31 20
26 32 20
26 33 15
26 34 20
26 35 20
26 36 20
26 37 20
26 38 20
26 39 20
26 46 20
26 47 20
26 48 20
26 49 20
27 28 20
27 29 90
27 30 20
27 31 20
27 32 20
27 33 15
27 34 20
27 35 20
27 36 20
27 37 20
27 38 20
27 39 20
27 46 20
27 47 20
27 48 20
27 49 20
28 29 20
28 30 20
28 31 20
28 32 20
28 33 15
28 34 20
28 35 20
28 36 90
28 37 20
28 38 20
28 39 20
28 46 20
28 47 20
28 48 90
28 49 20
29 30 20
29 31 20
29 32 20
29 33 15
29 34 20
29 35 20
29 36 20
29 37 20
29 38 20
29 39 20
29 46 20
29 47 20
29 48 20
29 49 20
30 31 90
30 32 20
30 33 15
30 34 20
30 35 20
30 36 20
30 37 20
30 38 20
30 39 20
30 46 20
30 47 20
30 48 20
30 49 20
31 32 20
31 33 15
31 34 20
31 35 20
31 36 20
31 37 20
31 38 20
31 39 20
31 46 20
31 47 20
31 48 20
31 49 20
32 33 15
32 34 90
32 35 90
32 36 20
32 37 20
32 38 20
32 39 99
32 46 20
32 47 20
32 48 20
32 49 20
33 34 15
33 35 15
33 36 15
33 37 15
33 38 15
33 39 15
33 46 15
33 47 15
33 48 15
33 49 15
34 35 90
34 36 20
34 37 20
34 38 20
34 39 90
34 46 20
34 47 20
34 48 20
34 49 20
35 36 20
35 37 20
35 38 20
35 39 90
35 43 80
35 44 5
35 46 20
35 47 20
35 48 20
35 49 20
36 37 20
36 38 20
36 39 90
36 46 20
36 47 20
36 48 20
36 49 20
37 38 20
37 39 20
37 46 20
37 47 20
37 48 20
37 49 20
38 39 20
38 46 20
38 47 20
38 48 20
38 49 20
39 46 20
39 47 20
39 48 20
39 49 20
40 45 60
41 42 99
44 45 15
46 47 90
46 48 20
46 49 90
47 48 20
47 49 90